# R script for Peak Model
#  -- generated by MACS
p <- c(0.00685539962695,0.00771232458032,0.00856924953369,0.00942617448706,0.00999745778931,0.00971181613818,0.0102830994404,0.0102830994404,0.011711307696,0.0111400243938,0.011711307696,0.0111400243938,0.0108543827427,0.0102830994404,0.0105687410916,0.0111400243938,0.0105687410916,0.00971181613818,0.0102830994404,0.0111400243938,0.0111400243938,0.011711307696,0.0119969493472,0.0128538743005,0.0128538743005,0.0119969493472,0.0119969493472,0.0131395159517,0.0111400243938,0.0102830994404,0.00942617448706,0.00914053283594,0.00971181613818,0.00942617448706,0.00999745778931,0.00999745778931,0.00914053283594,0.0074266829292,0.0074266829292,0.00771232458032,0.00856924953369,0.00914053283594,0.00999745778931,0.0105687410916,0.0102830994404,0.00971181613818,0.0102830994404,0.011711307696,0.0114256660449,0.0114256660449,0.0105687410916,0.00999745778931,0.00828360788257,0.00914053283594,0.00856924953369,0.00942617448706,0.0105687410916,0.0108543827427,0.0119969493472,0.0125682326494,0.0125682326494,0.0134251576028,0.013996440905,0.0137107992539,0.0131395159517,0.0131395159517,0.0125682326494,0.011711307696,0.0111400243938,0.0102830994404,0.0114256660449,0.0108543827427,0.0102830994404,0.00914053283594,0.0108543827427,0.0114256660449,0.0122825909983,0.011711307696,0.0119969493472,0.0131395159517,0.0131395159517,0.0134251576028,0.0131395159517,0.0134251576028,0.0122825909983,0.011711307696,0.00999745778931,0.0108543827427,0.0111400243938,0.0111400243938,0.00971181613818,0.00971181613818,0.0102830994404,0.0102830994404,0.0114256660449,0.0119969493472,0.0128538743005,0.0131395159517,0.0134251576028,0.0134251576028,0.013996440905,0.0145677242073,0.013996440905,0.013996440905,0.0142820825562,0.0125682326494,0.0134251576028,0.0125682326494,0.0119969493472,0.011711307696,0.0122825909983,0.0111400243938,0.011711307696,0.0131395159517,0.0122825909983,0.0137107992539,0.011711307696,0.0125682326494,0.0125682326494,0.0119969493472,0.0108543827427,0.0114256660449,0.0111400243938,0.0105687410916,0.0102830994404,0.00942617448706,0.0108543827427,0.0105687410916,0.0105687410916,0.0134251576028,0.0137107992539,0.0137107992539,0.0142820825562,0.013996440905,0.013996440905,0.013996440905,0.0137107992539,0.013996440905,0.0142820825562,0.0114256660449,0.0114256660449,0.0114256660449,0.0108543827427,0.00999745778931,0.0111400243938,0.0108543827427,0.0108543827427,0.0108543827427,0.0108543827427,0.0111400243938,0.0119969493472,0.0119969493472,0.0128538743005,0.0148533658584,0.0157102908118,0.0174241407185,0.0168528574163,0.0171384990674,0.0168528574163,0.016281574114,0.0154246491606,0.0154246491606,0.0148533658584,0.013996440905,0.0119969493472,0.011711307696,0.0128538743005,0.0128538743005,0.0125682326494,0.0137107992539,0.0145677242073,0.0154246491606,0.0151390075095,0.0154246491606,0.0165672157651,0.0157102908118,0.0145677242073,0.013996440905,0.0142820825562,0.013996440905,0.0137107992539,0.0125682326494,0.0134251576028,0.0125682326494,0.0119969493472,0.0122825909983,0.011711307696,0.0122825909983,0.0125682326494,0.0125682326494,0.0131395159517,0.0128538743005,0.0128538743005,0.0137107992539,0.0131395159517,0.0128538743005,0.0137107992539,0.0128538743005,0.0131395159517,0.0134251576028,0.0131395159517,0.013996440905,0.0137107992539,0.0128538743005,0.0128538743005,0.0134251576028,0.0131395159517,0.0131395159517,0.011711307696,0.0108543827427,0.0102830994404,0.00999745778931,0.0102830994404,0.0105687410916,0.0108543827427,0.011711307696,0.0134251576028,0.0134251576028,0.0134251576028,0.0145677242073,0.0154246491606,0.0157102908118,0.0154246491606,0.0151390075095,0.0157102908118,0.016281574114,0.0137107992539,0.0151390075095,0.0168528574163,0.0168528574163,0.0165672157651,0.0168528574163,0.0174241407185,0.0182810656719,0.018566707323,0.0182810656719,0.0199949155786,0.0194236322764,0.018566707323,0.0174241407185,0.0168528574163,0.0159959324629,0.0159959324629,0.0154246491606,0.0148533658584,0.0134251576028,0.0131395159517,0.0134251576028,0.0134251576028,0.0134251576028,0.013996440905,0.0148533658584,0.0151390075095,0.0157102908118,0.0159959324629,0.0154246491606,0.0151390075095,0.0157102908118,0.016281574114,0.016281574114,0.0168528574163,0.0179954240207,0.0179954240207,0.0174241407185,0.0174241407185,0.018566707323,0.0191379906252,0.0197092739275,0.0179954240207,0.0191379906252,0.0197092739275,0.0191379906252,0.018566707323,0.0188523489741,0.0177097823696,0.0174241407185,0.0179954240207,0.0165672157651,0.0179954240207,0.0179954240207,0.0168528574163,0.0157102908118,0.0154246491606,0.0142820825562,0.0157102908118,0.0157102908118,0.0154246491606,0.016281574114,0.0154246491606,0.0157102908118,0.0165672157651,0.0168528574163,0.0188523489741,0.0191379906252,0.0188523489741,0.0199949155786,0.0197092739275,0.0188523489741,0.0202805572297,0.0191379906252,0.0285641651123,0.048844722342,0.0668401463628,0.0916909700105,0.112542810542,0.136251067586,0.155960341513,0.175669615441,0.196807097624,0.227942037596,0.242795403455,0.244509253361,0.249936444733,0.248793878128,0.24936516143,0.243937970059,0.244794895012,0.24936516143,0.249936444733,0.241367195199,0.238510778688,0.243081045106,0.236225645479,0.235940003828,0.237368212083,0.243081045106,0.247651311524,0.245937461617,0.241938478501,0.250793369686,0.25193593629,0.248222594826,0.254792352802,0.253078502895,0.252792861244,0.254792352802,0.254792352802,0.252507219593,0.25679184436,0.24936516143,0.247365669873,0.245937461617,0.244509253361,0.244794895012,0.253078502895,0.25193593629,0.247651311524,0.247936953175,0.249650803082,0.251364652988,0.253364144546,0.255649277755,0.251364652988,0.25679184436,0.252507219593,0.246508744919,0.248793878128,0.251364652988,0.248508236477,0.248793878128,0.245937461617,0.243937970059,0.242224120152,0.231941020712,0.227656395945,0.227656395945,0.227370754294,0.224514337783,0.225085621085,0.218515863109,0.220515354667,0.221086637969,0.229084604201,0.236225645479,0.238510778688,0.239367703641,0.243652328408,0.252221577942,0.260219544173,0.264218527289,0.264218527289,0.265646735544,0.265075452242,0.266789302149,0.26964571866,0.269931360311,0.268788793707,0.261362110778,0.255649277755,0.256506202708,0.259648260871,0.262219035731,0.266503660498,0.265075452242,0.263361602335,0.2670749438,0.265361093893,0.268788793707,0.2670749438,0.267360585451,0.270788285265,0.270217001962,0.2670749438,0.270217001962,0.267931868753,0.262219035731,0.265932377196,0.267646227102,0.271930851869,0.27221649352,0.273073418474,0.278214968194,0.281357026356,0.283070876263,0.287069859379,0.296210392215,0.292782692401,0.298209883772,0.299066808726,0.302494508539,0.305636566702,0.303637075144,0.302494508539,0.301351941935,0.314205816235,0.31277760798,0.314491457886,0.308207341562,0.306207850004,0.306779133306,0.300495016981,0.302494508539,0.302208866888,0.307921699911,0.295924750563,0.301923225237,0.311063758073,0.316205307793,0.32048993256,0.319347365956,0.323917632373,0.327059690536,0.325345840629,0.318776082653,0.321632499164,0.318204799351,0.312206324677,0.309064266515,0.312206324677,0.31020683312,0.308492983213,0.303065791842,0.305636566702,0.307921699911,0.303065791842,0.30278015019,0.293639617354,0.299638092028,0.298495525424,0.301923225237,0.301351941935,0.303922716795,0.304208358446,0.297924242121,0.297352958819,0.296496033866,0.303922716795,0.297067317168,0.293353975703,0.297067317168,0.298781167075,0.29763860047,0.302208866888,0.309635549817,0.310778116422,0.310492474771,0.316776591095,0.321346857513,0.329916107047,0.324203274025,0.320204290909,0.321061215862,0.320775574211,0.321346857513,0.321061215862,0.325345840629,0.323631990722,0.324488915676,0.321346857513,0.328487898791,0.334200731814,0.338770998232,0.339342281534,0.341056131441,0.349054097672,0.352196155835,0.348197172719,0.343626906301,0.34848281437,0.347340247766,0.35105358923,0.352481797486,0.349339739323,0.351339230881,0.349911022626,0.349625380975,0.35619513895,0.362193613624,0.359051555462,0.361622330322,0.371048504809,