# R script for Peak Model
#  -- generated by MACS
p <- c(0.0019647330419,0.00229218854888,0.00294709956285,0.00327455506983,0.00425692159078,0.0039294660838,0.00425692159078,0.0039294660838,0.00425692159078,0.00425692159078,0.00425692159078,0.00458437709776,0.00458437709776,0.00425692159078,0.00360201057681,0.00360201057681,0.00360201057681,0.00425692159078,0.00360201057681,0.00491183260474,0.00622165463268,0.00720402115363,0.00753147666061,0.00884129868854,0.00982366520949,0.00982366520949,0.00982366520949,0.00916875419552,0.00982366520949,0.00949620970251,0.00884129868854,0.00949620970251,0.00884129868854,0.00753147666061,0.00654911013966,0.00720402115363,0.00720402115363,0.00818638767457,0.00884129868854,0.00818638767457,0.00884129868854,0.00687656564664,0.00720402115363,0.00753147666061,0.00753147666061,0.00720402115363,0.00753147666061,0.00753147666061,0.00622165463268,0.00687656564664,0.00654911013966,0.00687656564664,0.00687656564664,0.00818638767457,0.00818638767457,0.00753147666061,0.00785893216759,0.00687656564664,0.00753147666061,0.00654911013966,0.00753147666061,0.00720402115363,0.00654911013966,0.00556674361871,0.00687656564664,0.00687656564664,0.00654911013966,0.00720402115363,0.00687656564664,0.00785893216759,0.00654911013966,0.00720402115363,0.00720402115363,0.00654911013966,0.00491183260474,0.00491183260474,0.00491183260474,0.00458437709776,0.00425692159078,0.00458437709776,0.00425692159078,0.00327455506983,0.00491183260474,0.00523928811173,0.00589419912569,0.00720402115363,0.00687656564664,0.00687656564664,0.00753147666061,0.00720402115363,0.00818638767457,0.00884129868854,0.00851384318156,0.00884129868854,0.00884129868854,0.00818638767457,0.00818638767457,0.00851384318156,0.00818638767457,0.00720402115363,0.00687656564664,0.00654911013966,0.00589419912569,0.00687656564664,0.00720402115363,0.00622165463268,0.00687656564664,0.00687656564664,0.00720402115363,0.00753147666061,0.00818638767457,0.00851384318156,0.00851384318156,0.00720402115363,0.00687656564664,0.00720402115363,0.00687656564664,0.00720402115363,0.00753147666061,0.00785893216759,0.00785893216759,0.00884129868854,0.00851384318156,0.00851384318156,0.00851384318156,0.00851384318156,0.00884129868854,0.00884129868854,0.00851384318156,0.00818638767457,0.00687656564664,0.00589419912569,0.00622165463268,0.00622165463268,0.00589419912569,0.00622165463268,0.00589419912569,0.00622165463268,0.00523928811173,0.00589419912569,0.00589419912569,0.00589419912569,0.00622165463268,0.00687656564664,0.00785893216759,0.00720402115363,0.00753147666061,0.00753147666061,0.00818638767457,0.00785893216759,0.00851384318156,0.00785893216759,0.00785893216759,0.00753147666061,0.00720402115363,0.00785893216759,0.00785893216759,0.00818638767457,0.00884129868854,0.00916875419552,0.00884129868854,0.00916875419552,0.00982366520949,0.0108060317304,0.0104785762235,0.0111334872374,0.0104785762235,0.0108060317304,0.0101511207165,0.0104785762235,0.0111334872374,0.0124433092654,0.0121158537584,0.0108060317304,0.0108060317304,0.00982366520949,0.0104785762235,0.00949620970251,0.0101511207165,0.00982366520949,0.00949620970251,0.00818638767457,0.00753147666061,0.00720402115363,0.00720402115363,0.00818638767457,0.00818638767457,0.00785893216759,0.00785893216759,0.00785893216759,0.00818638767457,0.00884129868854,0.00884129868854,0.0101511207165,0.0114609427444,0.0114609427444,0.0130982202793,0.0134256757863,0.0130982202793,0.0127707647723,0.0121158537584,0.0121158537584,0.0121158537584,0.0124433092654,0.0108060317304,0.0101511207165,0.00884129868854,0.00916875419552,0.00818638767457,0.00916875419552,0.00884129868854,0.00884129868854,0.00851384318156,0.00818638767457,0.00851384318156,0.00916875419552,0.00851384318156,0.00884129868854,0.00949620970251,0.00851384318156,0.00982366520949,0.00949620970251,0.0101511207165,0.00982366520949,0.00916875419552,0.00884129868854,0.00818638767457,0.00720402115363,0.00753147666061,0.00818638767457,0.00818638767457,0.00851384318156,0.00851384318156,0.00949620970251,0.0108060317304,0.0111334872374,0.0121158537584,0.0121158537584,0.0117883982514,0.0104785762235,0.00949620970251,0.00949620970251,0.00916875419552,0.00753147666061,0.00687656564664,0.00720402115363,0.00687656564664,0.00720402115363,0.00785893216759,0.00851384318156,0.00851384318156,0.00818638767457,0.00884129868854,0.0108060317304,0.0114609427444,0.0111334872374,0.0117883982514,0.0117883982514,0.0134256757863,0.0130982202793,0.0140805868003,0.0144080423073,0.0134256757863,0.0124433092654,0.0127707647723,0.0140805868003,0.0130982202793,0.0140805868003,0.0117883982514,0.0134256757863,0.0130982202793,0.0127707647723,0.0127707647723,0.0127707647723,0.0134256757863,0.0121158537584,0.0130982202793,0.0121158537584,0.0127707647723,0.0127707647723,0.0117883982514,0.0121158537584,0.0124433092654,0.0117883982514,0.0108060317304,0.0108060317304,0.0101511207165,0.00982366520949,0.00982366520949,0.00916875419552,0.0111334872374,0.0104785762235,0.0101511207165,0.0101511207165,0.0104785762235,0.00949620970251,0.0101511207165,0.0104785762235,0.0108060317304,0.0104785762235,0.0242317075167,0.0484634150335,0.0710578450153,0.09659937456,0.125415459174,0.150956988719,0.17584360725,0.204332236357,0.234458143,0.259344761531,0.266221327177,0.272770437317,0.285541202089,0.287178479624,0.283576469047,0.285868657596,0.285868657596,0.291107945708,0.291435401215,0.28979812368,0.291762856722,0.290125579187,0.28324901354,0.280956824991,0.28324901354,0.28324901354,0.284231380061,0.279319547456,0.275062625866,0.27997445847,0.278664636443,0.273425348331,0.270805704275,0.278009725429,0.277027358908,0.274735170359,0.274735170359,0.274407714852,0.275062625866,0.272115526303,0.275390081373,0.278664636443,0.280956824991,0.271788070796,0.273425348331,0.273425348331,0.270478248768,0.271460615289,0.269823337754,0.271133159782,0.273425348331,0.272115526303,0.271788070796,0.275062625866,0.267531149205,0.269495882247,0.270478248768,0.268840971233,0.270150793261,0.27244298181,0.268840971233,0.266876238191,0.266548782684,0.263601683121,0.265566416163,0.260982039065,0.266876238191,0.268513515726,0.268513515726,0.266876238191,0.263929138628,0.267203693698,0.264911505149,0.26916842674,0.273752803838,0.278337180936,0.275390081373,0.270478248768,0.271460615289,0.272115526303,0.273752803838,0.279647002963,0.281939191512,0.276372447894,0.277027358908,0.277027358908,0.273097892824,0.277682269922,0.27997445847,0.274735170359,0.27899209195,0.277354814415,0.277354814415,0.282594102526,0.282921558033,0.288488301652,0.291762856722,0.295692322806,0.293727589764,0.302241432945,0.306825810043,0.306170899029,0.300276699903,0.304861077001,0.298311966862,0.296674689327,0.296674689327,0.29307267875,0.29307267875,0.29307267875,0.295692322806,0.293400134257,0.301913977438,0.305843443522,0.309772909606,0.308790543085,0.314357286704,0.310755276127,0.310755276127,0.312392553662,0.309117998592,0.31370237569,0.314029831197,0.317304386267,0.318941663801,0.315012197718,0.315667108732,0.322543674378,0.323853496406,0.320251485829,0.32123385235,0.318286752787,0.316322019746,0.30715326555,0.302241432945,0.303551254973,0.299621788889,0.299294333382,0.303551254973,0.301913977438,0.303223799466,0.314684742211,0.315667108732,0.315994564239,0.323198585392,0.327455506983,0.335314439151,0.33433207263,0.325163318434,0.324835862927,0.320578941336,0.311082731634,0.312065098155,0.31697693076,0.315667108732,0.316649475253,0.306498354536,0.300931610917,0.303551254973,0.310100365113,0.311410187141,0.311082731634,0.308135632071,0.304533621494,0.29634723382,0.294382500778,0.29307267875,0.288160846145,0.288815757159,0.283576469047,0.278664636443,0.273752803838,0.276372447894,0.270805704275,0.278009725429,0.275062625866,0.277354814415,0.283576469047,0.282266647019,0.280629369484,0.291435401215,0.291762856722,0.29634723382,0.297657055848,0.298311966862,0.297984511355,0.29634723382,0.302241432945,0.308790543085,0.311410187141,0.302241432945,0.302896343959,0.309772909606,0.314029831197,0.319596574815,0.328437873504,