# R script for Peak Model
#  -- generated by MACS
p <- c(0.00527676639755,0.00703568853007,0.00820830328508,0.0099672254176,0.0105535327951,0.0099672254176,0.0099672254176,0.00938091804009,0.00879461066259,0.0105535327951,0.0111398401726,0.00938091804009,0.00938091804009,0.00820830328508,0.00820830328508,0.0105535327951,0.00938091804009,0.0099672254176,0.0117261475501,0.0105535327951,0.00938091804009,0.0105535327951,0.0105535327951,0.0117261475501,0.0123124549276,0.0117261475501,0.0117261475501,0.0111398401726,0.00938091804009,0.0105535327951,0.0105535327951,0.0117261475501,0.0123124549276,0.0111398401726,0.0111398401726,0.0105535327951,0.0105535327951,0.0117261475501,0.0111398401726,0.0111398401726,0.0123124549276,0.0117261475501,0.0111398401726,0.0111398401726,0.0123124549276,0.0123124549276,0.0140713770601,0.0134850696826,0.0146576844376,0.0152439918151,0.0152439918151,0.0146576844376,0.0134850696826,0.0134850696826,0.0123124549276,0.0134850696826,0.0140713770601,0.0158302991927,0.0158302991927,0.0134850696826,0.0128987623051,0.0117261475501,0.0140713770601,0.0140713770601,0.0140713770601,0.0123124549276,0.0099672254176,0.00762199590757,0.00762199590757,0.00820830328508,0.00703568853007,0.00703568853007,0.00527676639755,0.00586307377506,0.00586307377506,0.00586307377506,0.00644938115256,0.00703568853007,0.00762199590757,0.00820830328508,0.00879461066259,0.0099672254176,0.0105535327951,0.00938091804009,0.0099672254176,0.0099672254176,0.00879461066259,0.0099672254176,0.00879461066259,0.00879461066259,0.00879461066259,0.0099672254176,0.00879461066259,0.00879461066259,0.00879461066259,0.0099672254176,0.0099672254176,0.0105535327951,0.0105535327951,0.0099672254176,0.0117261475501,0.0099672254176,0.0117261475501,0.0134850696826,0.0134850696826,0.0128987623051,0.0134850696826,0.0134850696826,0.0128987623051,0.0128987623051,0.0123124549276,0.0117261475501,0.0099672254176,0.0099672254176,0.0111398401726,0.0117261475501,0.0123124549276,0.0111398401726,0.0134850696826,0.0134850696826,0.0123124549276,0.0128987623051,0.0152439918151,0.0152439918151,0.0123124549276,0.0123124549276,0.0123124549276,0.0134850696826,0.0134850696826,0.0152439918151,0.0146576844376,0.0170029139477,0.0158302991927,0.0158302991927,0.0175892213252,0.0170029139477,0.0170029139477,0.0158302991927,0.0152439918151,0.0134850696826,0.0152439918151,0.0128987623051,0.0140713770601,0.0134850696826,0.0128987623051,0.0123124549276,0.0117261475501,0.0123124549276,0.0111398401726,0.0117261475501,0.0099672254176,0.0099672254176,0.00879461066259,0.00820830328508,0.00762199590757,0.00938091804009,0.0117261475501,0.0111398401726,0.0117261475501,0.0134850696826,0.0146576844376,0.0181755287027,0.0170029139477,0.0199344508352,0.0211070655902,0.0193481434577,0.0193481434577,0.0193481434577,0.0199344508352,0.0181755287027,0.0187618360802,0.0158302991927,0.0170029139477,0.0158302991927,0.0152439918151,0.0164166065702,0.0152439918151,0.0152439918151,0.0152439918151,0.0152439918151,0.0152439918151,0.0152439918151,0.0146576844376,0.0128987623051,0.0140713770601,0.0158302991927,0.0158302991927,0.0152439918151,0.0158302991927,0.0158302991927,0.0146576844376,0.0140713770601,0.0134850696826,0.0128987623051,0.0117261475501,0.0099672254176,0.00938091804009,0.00938091804009,0.00762199590757,0.00879461066259,0.00879461066259,0.00938091804009,0.0117261475501,0.0128987623051,0.0128987623051,0.0123124549276,0.0134850696826,0.0134850696826,0.0134850696826,0.0146576844376,0.0164166065702,0.0175892213252,0.0164166065702,0.0164166065702,0.0170029139477,0.0170029139477,0.0152439918151,0.0152439918151,0.0164166065702,0.0140713770601,0.0128987623051,0.0134850696826,0.0134850696826,0.0134850696826,0.0134850696826,0.0134850696826,0.0164166065702,0.0170029139477,0.0164166065702,0.0175892213252,0.0181755287027,0.0164166065702,0.0170029139477,0.0181755287027,0.0187618360802,0.0193481434577,0.0175892213252,0.0181755287027,0.0193481434577,0.0187618360802,0.0181755287027,0.0193481434577,0.0187618360802,0.0170029139477,0.0158302991927,0.0146576844376,0.0134850696826,0.0123124549276,0.0117261475501,0.0105535327951,0.0117261475501,0.0117261475501,0.0117261475501,0.0117261475501,0.0111398401726,0.0134850696826,0.0152439918151,0.0152439918151,0.0146576844376,0.0164166065702,0.0164166065702,0.0175892213252,0.0175892213252,0.0181755287027,0.0199344508352,0.0187618360802,0.0164166065702,0.0164166065702,0.0170029139477,0.0170029139477,0.0175892213252,0.0164166065702,0.0158302991927,0.0158302991927,0.0152439918151,0.0152439918151,0.0164166065702,0.0175892213252,0.0170029139477,0.0164166065702,0.0152439918151,0.0140713770601,0.0140713770601,0.0158302991927,0.0152439918151,0.0152439918151,0.0152439918151,0.0152439918151,0.0158302991927,0.0164166065702,0.0158302991927,0.0164166065702,0.0164166065702,0.0146576844376,0.0158302991927,0.0152439918151,0.0175892213252,0.0193481434577,0.0211070655902,0.0228659877227,0.0340058278953,0.0551128934855,0.0756336516982,0.0990859467985,0.120779319766,0.136023311581,0.158302991927,0.170615446854,0.189963590312,0.210484348525,0.222796803452,0.22572834034,0.226900955095,0.226314647717,0.226900955095,0.234522951002,0.243317561665,0.247421713307,0.248594328062,0.241558639532,0.240386024777,0.23745448789,0.241558639532,0.239213410022,0.239213410022,0.236281873135,0.224555725585,0.232177721492,0.235695565757,0.243903869042,0.240386024777,0.24449017642,0.24214494691,0.24214494691,0.243317561665,0.24918063544,0.242731254287,0.231591414115,0.225142032962,0.222796803452,0.22103788132,0.21165696328,0.2163474223,0.216933729677,0.211070655902,0.21165696328,0.22338311083,0.231591414115,0.235695565757,0.233936643625,0.24214494691,0.247421713307,0.248594328062,0.250939557572,0.255630016592,0.250939557572,0.243903869042,0.241558639532,0.2397997174,0.238627102645,0.246249098552,0.241558639532,0.239213410022,0.243903869042,0.24449017642,0.252112172327,0.255043709215,0.259734168235,0.263838319878,0.269701393653,0.25152586495,0.25621632397,0.246249098552,0.24449017642,0.240972332155,0.238627102645,0.238627102645,0.238627102645,0.231005106737,0.222210496075,0.23276402887,0.227487262472,0.233350336247,0.236281873135,0.235695565757,0.233350336247,0.23276402887,0.2397997174,0.247421713307,0.250353250195,0.250939557572,0.256802631348,0.261493090368,0.257975246103,0.26794247152,0.269701393653,0.269701393653,0.262079397745,0.268528778898,0.270874008408,0.270874008408,0.274391852673,0.27263293054,0.276737082183,0.26559724201,0.26090678299,0.262665705123,0.261493090368,0.24918063544,0.26090678299,0.261493090368,0.25621632397,0.259147860858,0.250939557572,0.257975246103,0.262665705123,0.267356164143,0.266769856765,0.27263293054,0.256802631348,0.260320475613,0.2632520125,0.260320475613,0.274391852673,0.271460315785,0.269701393653,0.269115086275,0.27028770103,0.272046623163,0.27497816005,0.27028770103,0.269115086275,0.271460315785,0.262079397745,0.270874008408,0.27263293054,0.274391852673,0.275564467428,0.268528778898,0.274391852673,0.278496004315,0.280254926448,0.290808459243,0.29139476662,0.28904953711,0.28904953711,0.283772770713,0.284945385468,0.28904953711,0.295498918263,0.284945385468,0.290222151865,0.283772770713,0.28201384858,0.28201384858,0.283772770713,0.278496004315,0.276150774805,0.28201384858,0.276737082183,0.28904953711,0.291981073998,0.28201384858,0.286118000223,0.286118000223,0.2867043076,0.293153688753,0.290222151865,0.2867043076,0.29139476662,0.296671533018,0.297257840395,0.308397680568,0.304293528925,0.301361992038,0.30312091417,0.307811373191,0.313674446966,0.312501832211,0.313088139588,0.30546614368,0.299603069905,0.299016762528,0.301361992038,0.307225065813,0.304293528925,0.310156602701,0.306052451058,0.311915524833,0.310156602701,0.318951213363,0.318951213363,0.311915524833,0.319537520741,0.321882750251,0.322469057628,0.314260754343,0.324814287138,0.321296442873,0.328332131403,0.324227979761,0.334195205178,0.338299356821,0.331263668291,0.328918438781,0.328918438781,0.325986901893,0.323641672383,0.324227979761,