# R script for Peak Model
#  -- generated by MACS
p <- c(0.00453890408161,0.00794308214282,0.0102125341836,0.0130493492346,0.0136167122448,0.0130493492346,0.0136167122448,0.014184075255,0.014184075255,0.0164535272958,0.0175882533162,0.0158861642856,0.0175882533162,0.0158861642856,0.0181556163264,0.0192903423468,0.0204250683672,0.019857705357,0.019857705357,0.017020890306,0.017020890306,0.017020890306,0.014184075255,0.0175882533162,0.0153188012754,0.0153188012754,0.0136167122448,0.0130493492346,0.0124819862244,0.0130493492346,0.0158861642856,0.0158861642856,0.017020890306,0.014184075255,0.0153188012754,0.0153188012754,0.0181556163264,0.0192903423468,0.0209924313774,0.0209924313774,0.0192903423468,0.0221271573978,0.0204250683672,0.0204250683672,0.019857705357,0.0187229793366,0.0187229793366,0.0187229793366,0.017020890306,0.0175882533162,0.0164535272958,0.0147514382652,0.014184075255,0.0153188012754,0.0153188012754,0.0175882533162,0.017020890306,0.0164535272958,0.0187229793366,0.017020890306,0.017020890306,0.0175882533162,0.0181556163264,0.0187229793366,0.019857705357,0.0192903423468,0.017020890306,0.017020890306,0.017020890306,0.0192903423468,0.0209924313774,0.0192903423468,0.0204250683672,0.0187229793366,0.0181556163264,0.017020890306,0.0181556163264,0.0175882533162,0.0175882533162,0.0164535272958,0.014184075255,0.0130493492346,0.0124819862244,0.011347260204,0.00964517117342,0.0102125341836,0.0107798971938,0.011347260204,0.00964517117342,0.0107798971938,0.011347260204,0.0124819862244,0.0130493492346,0.0147514382652,0.0153188012754,0.017020890306,0.0175882533162,0.0187229793366,0.0175882533162,0.017020890306,0.0175882533162,0.0181556163264,0.0164535272958,0.0153188012754,0.0153188012754,0.0136167122448,0.0153188012754,0.014184075255,0.0164535272958,0.0153188012754,0.0158861642856,0.0181556163264,0.0204250683672,0.0209924313774,0.0209924313774,0.0204250683672,0.0181556163264,0.0187229793366,0.0187229793366,0.019857705357,0.0204250683672,0.017020890306,0.0158861642856,0.0153188012754,0.017020890306,0.0175882533162,0.0192903423468,0.0181556163264,0.017020890306,0.0164535272958,0.014184075255,0.0147514382652,0.0164535272958,0.017020890306,0.0158861642856,0.0153188012754,0.0124819862244,0.0136167122448,0.0147514382652,0.014184075255,0.0153188012754,0.0164535272958,0.0153188012754,0.0147514382652,0.014184075255,0.0147514382652,0.0158861642856,0.0147514382652,0.014184075255,0.0153188012754,0.0153188012754,0.0136167122448,0.0119146232142,0.0119146232142,0.011347260204,0.0119146232142,0.0124819862244,0.0124819862244,0.0119146232142,0.014184075255,0.0136167122448,0.0136167122448,0.0153188012754,0.017020890306,0.0175882533162,0.0158861642856,0.0153188012754,0.0181556163264,0.0204250683672,0.0204250683672,0.022694520408,0.0221271573978,0.0221271573978,0.0221271573978,0.0215597943876,0.0215597943876,0.0215597943876,0.0192903423468,0.0181556163264,0.0153188012754,0.0153188012754,0.0147514382652,0.014184075255,0.0136167122448,0.0147514382652,0.0147514382652,0.0147514382652,0.0153188012754,0.014184075255,0.0153188012754,0.014184075255,0.0175882533162,0.017020890306,0.0181556163264,0.0181556163264,0.0204250683672,0.0221271573978,0.022694520408,0.0255313354591,0.0266660614795,0.0260986984693,0.0255313354591,0.0260986984693,0.0272334244897,0.0295028765305,0.0283681505101,0.0272334244897,0.0249639724489,0.0221271573978,0.0204250683672,0.0204250683672,0.0187229793366,0.0187229793366,0.0147514382652,0.017020890306,0.0175882533162,0.0181556163264,0.0187229793366,0.0204250683672,0.0204250683672,0.0192903423468,0.0209924313774,0.0204250683672,0.0209924313774,0.0175882533162,0.0175882533162,0.0187229793366,0.0192903423468,0.0187229793366,0.0204250683672,0.0209924313774,0.019857705357,0.0215597943876,0.0221271573978,0.0221271573978,0.0243966094387,0.0209924313774,0.0221271573978,0.0209924313774,0.0187229793366,0.0187229793366,0.0175882533162,0.0181556163264,0.0192903423468,0.0181556163264,0.0158861642856,0.0158861642856,0.017020890306,0.0175882533162,0.0175882533162,0.0204250683672,0.022694520408,0.022694520408,0.0238292464284,0.0238292464284,0.0249639724489,0.0295028765305,0.0312049655611,0.0317723285713,0.0329070545917,0.0295028765305,0.0306376025509,0.0334744176019,0.0323396915815,0.0351765066325,0.0340417806121,0.0312049655611,0.0283681505101,0.0283681505101,0.0278007874999,0.0283681505101,0.0266660614795,0.0215597943876,0.0215597943876,0.0192903423468,0.0215597943876,0.0215597943876,0.0192903423468,0.0187229793366,0.0192903423468,0.0192903423468,0.0192903423468,0.0204250683672,0.0187229793366,0.0187229793366,0.017020890306,0.0181556163264,0.0204250683672,0.0192903423468,0.0181556163264,0.0181556163264,0.0187229793366,0.0209924313774,0.0204250683672,0.0215597943876,0.0192903423468,0.0175882533162,0.0158861642856,0.017020890306,0.0164535272958,0.0272334244897,0.0470911298467,0.0629772941323,0.0834023624996,0.100423252806,0.123117773214,0.145244930612,0.16907417704,0.190066608417,0.211059039795,0.217300032907,0.217300032907,0.216165306887,0.221271573978,0.22467575204,0.220136847958,0.215597943876,0.211059039795,0.215030580866,0.213895854846,0.215030580866,0.212761128825,0.215597943876,0.220136847958,0.212761128825,0.215030580866,0.216732669897,0.215030580866,0.211626402805,0.217300032907,0.214463217856,0.216732669897,0.221271573978,0.214463217856,0.222406299999,0.22694520408,0.229214656121,0.236023012244,0.242264005356,0.245668183417,0.250774450509,0.251341813519,0.241129279336,0.245668183417,0.243966094387,0.236590375254,0.236590375254,0.233753560203,0.22694520408,0.221271573978,0.222973663009,0.222406299999,0.233186197193,0.22467575204,0.223541026019,0.22581047806,0.230349382142,0.233753560203,0.234888286223,0.230349382142,0.22467575204,0.234320923213,0.229214656121,0.228079930101,0.223541026019,0.22581047806,0.216732669897,0.212761128825,0.215597943876,0.22524311505,0.228647293111,0.215030580866,0.216165306887,0.219569484948,0.22524311505,0.22467575204,0.233186197193,0.235455649233,0.236023012244,0.228647293111,0.230916745152,0.235455649233,0.237157738264,0.231484108162,0.233186197193,0.237725101274,0.234888286223,0.233186197193,0.22524311505,0.22694520408,0.22581047806,0.227512567091,0.222406299999,0.229214656121,0.232618834182,0.228079930101,0.231484108162,0.235455649233,0.240561916325,0.239427190305,0.243966094387,0.242831368366,0.244533457397,0.246235546427,0.243966094387,0.244533457397,0.241696642346,0.241696642346,0.236023012244,0.234888286223,0.235455649233,0.236023012244,0.245668183417,0.246802909438,0.258717532652,0.266660614795,0.264391162754,0.258717532652,0.257582806631,0.260986984693,0.258150169642,0.250207087499,0.242264005356,0.234888286223,0.224108389029,0.220136847958,0.22467575204,0.239427190305,0.247937635458,0.249639724489,0.249639724489,0.262689073723,0.260419621682,0.275171059948,0.278575238009,0.278575238009,0.279142601019,0.276873148978,0.272334244897,0.274036333927,0.288220409182,0.283681505101,0.288787772192,0.28197941607,0.280277327039,0.277440511988,0.276873148978,0.273468970917,0.274603696937,0.274036333927,0.264391162754,0.262689073723,0.264958525764,0.268930066835,0.263823799744,0.268930066835,0.272901607907,0.268930066835,0.273468970917,0.266660614795,0.259284895662,0.259852258672,0.258150169642,0.25474599158,0.262689073723,0.264958525764,0.260419621682,0.268930066835,0.267227977805,0.275738422958,0.283681505101,0.297865580356,0.304673936478,0.308645477549,0.312049655611,0.313184381631,0.321127463774,0.319425374743,0.323396915815,0.327935819896,0.316588559692,0.303539210458,0.304106573468,0.304673936478,0.297298217345,0.300702395407,0.299000306376,0.295596128315,0.297865580356,0.298432943366,0.308645477549,0.318290648723,0.321127463774,0.320560100764,0.327935819896,0.325666367855,0.323396915815,0.330772634947,0.341552532141,0.349495614284,0.355169244386,0.355169244386,0.352332429335,0.350062977294,0.350062977294,0.348928251274,0.351197703315,0.344956710202,0.331907360968,0.321694826784,0.318290648723,0.317155922702,0.330772634947,