# R script for Peak Model
#  -- generated by MACS
p <- c(0.00291807220478,0.00466891552765,0.00700337329147,0.00875421661434,0.00992144549625,0.0105050599372,0.0116722888191,0.012839517701,0.013423132142,0.012839517701,0.0140067465829,0.0122559032601,0.0122559032601,0.0116722888191,0.0110886743782,0.0105050599372,0.0105050599372,0.00992144549625,0.00875421661434,0.00817060217338,0.00700337329147,0.00875421661434,0.00817060217338,0.00817060217338,0.00875421661434,0.00875421661434,0.00758698773242,0.00817060217338,0.00875421661434,0.00933783105529,0.0110886743782,0.00992144549625,0.00875421661434,0.00875421661434,0.00758698773242,0.00700337329147,0.00758698773242,0.00758698773242,0.00758698773242,0.00817060217338,0.00700337329147,0.00641975885051,0.00758698773242,0.00700337329147,0.00817060217338,0.00817060217338,0.00875421661434,0.00933783105529,0.00875421661434,0.00875421661434,0.00817060217338,0.00817060217338,0.00817060217338,0.00817060217338,0.00758698773242,0.00875421661434,0.00758698773242,0.0052525299686,0.0052525299686,0.00583614440956,0.00641975885051,0.00758698773242,0.00817060217338,0.00933783105529,0.00875421661434,0.00992144549625,0.0116722888191,0.012839517701,0.0151739754648,0.013423132142,0.012839517701,0.0122559032601,0.00992144549625,0.00875421661434,0.00875421661434,0.00700337329147,0.00700337329147,0.00641975885051,0.0052525299686,0.0052525299686,0.0052525299686,0.0052525299686,0.00700337329147,0.00641975885051,0.00817060217338,0.00817060217338,0.00700337329147,0.00817060217338,0.00700337329147,0.00700337329147,0.00817060217338,0.00758698773242,0.00583614440956,0.00641975885051,0.00641975885051,0.00700337329147,0.00700337329147,0.00700337329147,0.00875421661434,0.00992144549625,0.00875421661434,0.00875421661434,0.00933783105529,0.00933783105529,0.00875421661434,0.00875421661434,0.00875421661434,0.00933783105529,0.00817060217338,0.00875421661434,0.00992144549625,0.0105050599372,0.0105050599372,0.0116722888191,0.0105050599372,0.0110886743782,0.0110886743782,0.00875421661434,0.00933783105529,0.00875421661434,0.00875421661434,0.00817060217338,0.00933783105529,0.00875421661434,0.00992144549625,0.00817060217338,0.00875421661434,0.0110886743782,0.0110886743782,0.00992144549625,0.00933783105529,0.00992144549625,0.00875421661434,0.00875421661434,0.00875421661434,0.00933783105529,0.00992144549625,0.00875421661434,0.00817060217338,0.00817060217338,0.00817060217338,0.00933783105529,0.00933783105529,0.00817060217338,0.00758698773242,0.00700337329147,0.00700337329147,0.00758698773242,0.00758698773242,0.00875421661434,0.00933783105529,0.00758698773242,0.00700337329147,0.00817060217338,0.00817060217338,0.0116722888191,0.0105050599372,0.00933783105529,0.00992144549625,0.00992144549625,0.0105050599372,0.0116722888191,0.012839517701,0.012839517701,0.013423132142,0.0116722888191,0.0110886743782,0.0122559032601,0.0116722888191,0.0116722888191,0.00992144549625,0.00992144549625,0.00933783105529,0.00817060217338,0.00875421661434,0.00933783105529,0.00933783105529,0.00817060217338,0.00992144549625,0.00933783105529,0.00992144549625,0.00875421661434,0.00875421661434,0.00992144549625,0.0105050599372,0.00875421661434,0.00933783105529,0.00875421661434,0.00875421661434,0.00992144549625,0.0105050599372,0.0110886743782,0.013423132142,0.013423132142,0.0110886743782,0.0116722888191,0.0122559032601,0.0145903610239,0.012839517701,0.0122559032601,0.0122559032601,0.012839517701,0.0110886743782,0.0110886743782,0.0110886743782,0.0116722888191,0.0116722888191,0.00992144549625,0.00992144549625,0.00992144549625,0.00875421661434,0.00933783105529,0.00875421661434,0.00933783105529,0.00992144549625,0.0110886743782,0.0116722888191,0.0110886743782,0.0122559032601,0.0116722888191,0.012839517701,0.0122559032601,0.0122559032601,0.0122559032601,0.0140067465829,0.0116722888191,0.0110886743782,0.0110886743782,0.00992144549625,0.0110886743782,0.0116722888191,0.0116722888191,0.0122559032601,0.0110886743782,0.00875421661434,0.00875421661434,0.00933783105529,0.00992144549625,0.00933783105529,0.00933783105529,0.00875421661434,0.00933783105529,0.00875421661434,0.00817060217338,0.00875421661434,0.0105050599372,0.00933783105529,0.00992144549625,0.012839517701,0.0116722888191,0.0116722888191,0.00992144549625,0.00992144549625,0.0105050599372,0.00992144549625,0.00875421661434,0.00933783105529,0.00992144549625,0.00758698773242,0.00817060217338,0.00817060217338,0.00933783105529,0.0116722888191,0.012839517701,0.0140067465829,0.0140067465829,0.0145903610239,0.0151739754648,0.0145903610239,0.0151739754648,0.0175084332287,0.0180920476696,0.0180920476696,0.0169248187877,0.0163412043468,0.0157575899058,0.0145903610239,0.0140067465829,0.0140067465829,0.013423132142,0.013423132142,0.013423132142,0.0116722888191,0.012839517701,0.0145903610239,0.0140067465829,0.0145903610239,0.0140067465829,0.0151739754648,0.0151739754648,0.0122559032601,0.0110886743782,0.0122559032601,0.0122559032601,0.0110886743782,0.0116722888191,0.0116722888191,0.0122559032601,0.0122559032601,0.0122559032601,0.0239281920792,0.0484399985993,0.0688665040328,0.0933783105529,0.120224574837,0.147654453562,0.169248187877,0.196678066602,0.224107945327,0.248036137406,0.263793727312,0.264960956194,0.265544570635,0.269046257281,0.264377341753,0.265544570635,0.270213486163,0.264960956194,0.260875655107,0.261459269548,0.258541197343,0.264377341753,0.263210112871,0.258541197343,0.256790354021,0.255039510698,0.25037059517,0.247452522965,0.250954209611,0.253288667375,0.255039510698,0.252705052934,0.253288667375,0.253288667375,0.255039510698,0.256790354021,0.263210112871,0.270797100603,0.264377341753,0.259708426225,0.262042883989,0.262042883989,0.259124811784,0.253288667375,0.256790354021,0.258541197343,0.252121438493,0.250954209611,0.246868908524,0.252121438493,0.24453445076,0.236363848587,0.24453445076,0.253872281816,0.257957582902,0.250954209611,0.246868908524,0.24453445076,0.250954209611,0.246868908524,0.250954209611,0.25620673958,0.256790354021,0.253288667375,0.249786980729,0.248036137406,0.252121438493,0.254455896257,0.258541197343,0.256790354021,0.255039510698,0.253288667375,0.247452522965,0.245701679642,0.247452522965,0.258541197343,0.258541197343,0.252705052934,0.24453445076,0.252121438493,0.253288667375,0.255623125139,0.253872281816,0.255039510698,0.255623125139,0.246868908524,0.248619751847,0.257373968461,0.26262649843,0.258541197343,0.259124811784,0.25620673958,0.267295413958,0.269046257281,0.260875655107,0.264960956194,0.259708426225,0.246868908524,0.252705052934,0.25037059517,0.247452522965,0.254455896257,0.245118065201,0.246285294083,0.247452522965,0.252705052934,0.26262649843,0.271964329485,0.270213486163,0.276049630572,0.277216859454,0.277216859454,0.279551317218,0.275466016131,0.280134931659,0.264377341753,0.269046257281,0.279551317218,0.283636618304,0.283053003864,0.283636618304,0.278384088336,0.293558063801,0.313400954793,0.31165011147,0.32974215914,0.331493002463,0.329158544699,0.325073243612,0.32390601473,0.329158544699,0.330325773581,0.320987942526,0.315151798116,0.323322400289,0.314568183675,0.309315653707,0.305813967061,0.308732039266,0.319237099203,0.326824086935,0.327407701376,0.324489629171,0.318069870321,0.311066497029,0.316902641439,0.327991315817,0.328574930258,0.330909388022,0.32390601473,0.31748625588,0.323322400289,0.330909388022,0.323322400289,0.325073243612,0.326240472494,0.310482882588,0.313400954793,0.304646738179,0.304646738179,0.310482882588,0.29939420821,0.285971076068,0.297059750446,0.287721919391,0.281302160541,0.295892521565,0.295892521565,0.296476136006,0.297059750446,0.288305533832,0.297643364887,0.29939420821,0.289472762714,0.296476136006,0.29297444936,0.285387461627,0.281885774982,0.282469389423,0.277800473895,0.284220232745,0.283636618304,0.292390834919,0.296476136006,0.294725292683,0.300561437092,0.301728665974,0.304646738179,0.309315653707,0.31165011147,0.30523035262,0.305813967061,0.306981195943,0.312233725911,0.318653484762,0.329158544699,0.324489629171,0.319237099203,0.319820713644,0.322738785849,