# R script for Peak Model
#  -- generated by MACS
p <- c(0.00364203437418,0.0039731284082,0.00728406874837,0.00761516278238,0.0099328210205,0.0102639150545,0.0102639150545,0.0119193852246,0.0122504792586,0.0122504792586,0.0135748553947,0.0139059494287,0.0122504792586,0.0129126673266,0.0115882911906,0.0112571971566,0.0112571971566,0.0099328210205,0.00927063295246,0.00960172698648,0.0079462568164,0.0079462568164,0.00695297471435,0.00695297471435,0.00695297471435,0.00761516278238,0.00927063295246,0.0099328210205,0.0102639150545,0.00960172698648,0.0099328210205,0.0099328210205,0.0102639150545,0.0099328210205,0.0102639150545,0.0099328210205,0.00960172698648,0.00827735085042,0.00827735085042,0.00860844488443,0.00893953891845,0.00893953891845,0.0099328210205,0.0099328210205,0.00927063295246,0.00827735085042,0.00695297471435,0.00761516278238,0.00927063295246,0.0099328210205,0.0099328210205,0.0102639150545,0.0102639150545,0.0099328210205,0.0105950090885,0.0112571971566,0.0115882911906,0.0109261031225,0.0102639150545,0.00960172698648,0.00960172698648,0.00960172698648,0.0079462568164,0.00860844488443,0.0079462568164,0.0079462568164,0.00860844488443,0.00960172698648,0.00927063295246,0.0102639150545,0.0109261031225,0.0112571971566,0.0115882911906,0.0119193852246,0.0122504792586,0.0132437613607,0.0129126673266,0.0125815732926,0.0129126673266,0.0122504792586,0.0112571971566,0.0112571971566,0.0115882911906,0.0109261031225,0.0125815732926,0.0112571971566,0.0112571971566,0.0122504792586,0.0112571971566,0.0119193852246,0.0125815732926,0.0125815732926,0.0122504792586,0.0122504792586,0.0115882911906,0.0125815732926,0.0135748553947,0.0129126673266,0.0132437613607,0.0132437613607,0.0142370434627,0.0142370434627,0.0148992315307,0.0152303255648,0.0132437613607,0.0129126673266,0.0105950090885,0.0115882911906,0.0109261031225,0.00960172698648,0.00761516278238,0.00728406874837,0.00761516278238,0.00662188068033,0.00827735085042,0.0079462568164,0.00960172698648,0.00893953891845,0.00960172698648,0.00960172698648,0.00960172698648,0.00927063295246,0.0099328210205,0.0112571971566,0.0105950090885,0.0105950090885,0.00927063295246,0.00860844488443,0.0079462568164,0.00927063295246,0.00927063295246,0.00927063295246,0.00761516278238,0.00662188068033,0.00662188068033,0.00662188068033,0.00695297471435,0.00695297471435,0.00761516278238,0.00629078664632,0.00629078664632,0.00629078664632,0.00629078664632,0.00695297471435,0.00662188068033,0.00662188068033,0.00629078664632,0.00761516278238,0.00761516278238,0.00761516278238,0.0079462568164,0.00761516278238,0.0079462568164,0.00695297471435,0.00860844488443,0.00960172698648,0.0105950090885,0.00927063295246,0.00893953891845,0.0105950090885,0.0099328210205,0.0105950090885,0.0105950090885,0.0132437613607,0.0122504792586,0.0125815732926,0.0122504792586,0.0125815732926,0.0132437613607,0.0119193852246,0.0125815732926,0.0125815732926,0.0122504792586,0.0102639150545,0.0102639150545,0.00927063295246,0.00960172698648,0.00893953891845,0.00827735085042,0.00893953891845,0.0099328210205,0.00960172698648,0.0102639150545,0.0105950090885,0.00960172698648,0.00960172698648,0.00960172698648,0.0102639150545,0.0105950090885,0.00960172698648,0.0079462568164,0.0079462568164,0.00695297471435,0.00629078664632,0.00695297471435,0.0079462568164,0.00695297471435,0.0059596926123,0.00562859857828,0.00662188068033,0.00893953891845,0.00893953891845,0.0099328210205,0.0112571971566,0.0105950090885,0.00927063295246,0.0099328210205,0.0115882911906,0.0122504792586,0.0119193852246,0.00960172698648,0.00960172698648,0.00860844488443,0.00761516278238,0.00893953891845,0.00960172698648,0.0105950090885,0.00927063295246,0.0079462568164,0.00761516278238,0.00860844488443,0.00927063295246,0.0112571971566,0.0112571971566,0.0115882911906,0.0119193852246,0.0102639150545,0.0119193852246,0.0139059494287,0.0132437613607,0.0142370434627,0.0142370434627,0.0142370434627,0.0152303255648,0.0135748553947,0.0129126673266,0.0135748553947,0.0125815732926,0.0119193852246,0.0139059494287,0.0129126673266,0.0119193852246,0.0115882911906,0.0109261031225,0.0112571971566,0.0112571971566,0.0112571971566,0.0122504792586,0.0119193852246,0.0115882911906,0.0125815732926,0.0129126673266,0.0122504792586,0.0119193852246,0.0125815732926,0.0129126673266,0.0129126673266,0.0122504792586,0.0125815732926,0.0112571971566,0.0099328210205,0.0102639150545,0.0099328210205,0.0099328210205,0.0102639150545,0.0099328210205,0.00960172698648,0.0109261031225,0.0109261031225,0.0112571971566,0.0119193852246,0.0119193852246,0.0125815732926,0.0142370434627,0.0139059494287,0.0155614195988,0.0162236076668,0.0178790778369,0.0178790778369,0.0182101718709,0.0188723599389,0.0185412659049,0.019534548007,0.0175479838029,0.0172168897689,0.0158925136328,0.0158925136328,0.0132437613607,0.0129126673266,0.0135748553947,0.0129126673266,0.0145681374967,0.0129126673266,0.0132437613607,0.0139059494287,0.0148992315307,0.0152303255648,0.0148992315307,0.0152303255648,0.0162236076668,0.0284740869254,0.0499951991365,0.0807869443001,0.106943372987,0.12614682696,0.149654503376,0.170513427519,0.198325326376,0.222826284893,0.244678491138,0.261895380907,0.265537415281,0.253949124091,0.256597876363,0.260571004771,0.259908816703,0.261895380907,0.256597876363,0.253286936023,0.251962559887,0.24567177324,0.246333961308,0.254942406193,0.251631465853,0.253618030057,0.253618030057,0.257922252499,0.259577722669,0.263881945111,0.262226474941,0.261233192839,0.256266782329,0.251962559887,0.247989431478,0.24898271358,0.24898271358,0.243354115002,0.24401630307,0.236732234322,0.23904989256,0.240043174662,0.238718798526,0.238056610458,0.241698644832,0.239712080628,0.235076764152,0.236732234322,0.235076764152,0.243354115002,0.244678491138,0.24567177324,0.245009585172,0.24732724341,0.250307089717,0.254280218125,0.257260064431,0.261895380907,0.260902098805,0.260239910737,0.260239910737,0.262888663009,0.273814766132,0.272490389996,0.270834919826,0.268186167553,0.273483672098,0.267855073519,0.270503825792,0.263550851077,0.265206321247,0.264875227213,0.257591158465,0.255935688295,0.253286936023,0.252293653921,0.248320525512,0.251300371819,0.252293653921,0.254942406193,0.253286936023,0.250638183751,0.24898271358,0.254280218125,0.256597876363,0.257591158465,0.258915534601,0.258915534601,0.254280218125,0.253618030057,0.253286936023,0.258915534601,0.260239910737,0.260239910737,0.257591158465,0.256928970397,0.255604594261,0.258253346533,0.263881945111,0.270503825792,0.273483672098,0.272159295962,0.278118988574,0.27116601386,0.270503825792,0.275470236302,0.28275430505,0.281761022948,0.280105552778,0.277456800506,0.27944336471,0.279774458744,0.278450082608,0.285403057322,0.290369467833,0.290700561867,0.290700561867,0.292356032037,0.295998066411,0.300964476921,0.298646818683,0.295335878343,0.294011502207,0.294342596241,0.296991348513,0.297322442547,0.295998066411,0.295335878343,0.292687126071,0.296991348513,0.296329160445,0.297984630615,0.301626664989,0.301957759023,0.298646818683,0.297653536581,0.296991348513,0.296991348513,0.298977912717,0.294673690275,0.297322442547,0.301295570955,0.297322442547,0.299309006751,0.299971194819,0.298315724649,0.300633382887,0.299309006751,0.299971194819,0.299640100785,0.297322442547,0.294673690275,0.298646818683,0.293680408173,0.288382903628,0.286396339424,0.28440977522,0.285403057322,0.285071963288,0.285403057322,0.285071963288,0.292356032037,0.292356032037,0.296991348513,0.304275417261,0.31321495618,0.310235109874,0.317188084588,0.326789811574,0.329438563847,0.326789811574,0.32645871754,0.324472153336,0.320830118962,0.31818136669,0.307255263567,0.308910733737,0.309241827772,0.299309006751,0.286727433458,0.293349314139,0.290369467833,0.287058527492,0.292356032037,0.295004784309,0.304606511295,0.305599793397,0.297322442547,0.301295570955,0.310235109874,0.31487042635,0.31321495618,0.317850272656,0.316194802486,0.320830118962,0.322485589132,0.329438563847,0.332749504187,0.337053726629,0.343013419241,0.336391538561,0.348642017819,0.349966393956,0.351290770092,